[camera]
fx = 1054.3584365588515
fy = 1059.0935522226648
cx = 972.8387483663522
cy = 520.2306376389846

[apriltags]
tag_size = 0.049